33 0.34046875 0.5045307917888563 0.526455078125 0.7744574780058651
4 0.44078125 0.6911436950146628 0.1305078125 0.12397360703812316
4 0.272548828125 0.7431378299120235 0.13671875 0.14796187683284456
4 0.174453125 0.573841642228739 0.118076171875 0.1772873900293255
4 0.272998046875 0.4518768328445748 0.10564453125 0.1572873900293255
4 0.3173828125 0.574516129032258 0.096767578125 0.10397360703812317
4 0.425693359375 0.381891495601173 0.0914453125 0.15063049853372434
4 0.54509765625 0.4678739002932551 0.0816796875 0.18129032258064517
4 0.3382421875 0.24727272727272726 0.1207421875 0.1532991202346041
4 0.20685546875 0.3579032258064516 0.1136328125 0.17195014662756597
2 0.68048828125 0.9038856304985338 0.18732421875 0.19221407624633433