0 0.0941015625 0.213582966226138 0.1722265625 0.2830102790014684
0 0.272109375 0.21092511013215856 0.185546875 0.28568281938325996
0 0.447001953125 0.2169309838472834 0.1695703125 0.2790014684287812
0 0.6090234375 0.23093979441997065 0.165126953125 0.2616446402349486
0 0.77814453125 0.2422907488986784 0.178447265625 0.2656534508076358
0 0.93083984375 0.25831130690161525 0.135830078125 0.2469603524229075
0 0.043505859375 0.4391923641703377 0.087001953125 0.2803377386196769
0 0.176220703125 0.4505433186490455 0.16779296875 0.2683259911894273
0 0.351123046875 0.4572099853157122 0.176669921875 0.2816740088105727
0 0.5237890625 0.473230543318649 0.17578125 0.2790014684287812
0 0.689365234375 0.47456681350954477 0.1695703125 0.27365638766519823
0 0.864697265625 0.4885903083700441 0.189990234375 0.28568281938325996
0 0.055927734375 0.05606461086637298 0.111865234375 0.11212922173274596
0 0.197978515625 0.054728340675477244 0.1722265625 0.10947136563876651
0 0.360888671875 0.0600734214390602 0.155361328125 0.11747430249632893
0 0.527783203125 0.06408223201174743 0.160693359375 0.1281497797356828
0 0.693798828125 0.07276064610866373 0.171337890625 0.14283406754772393
0 0.85271484375 0.08010279001468429 0.158916015625 0.15751835535976505
0 0.96076171875 0.08744493392070485 0.0784765625 0.17220264317180617
0 0.087890625 0.6881644640234948 0.170458984375 0.2816740088105727
0 0.25568359375 0.7081791483113069 0.1793359375 0.2790014684287812
0 0.43279296875 0.7175330396475771 0.185546875 0.29769456681350953
0 0.60369140625 0.7108516886930983 0.163349609375 0.26298091042584437
0 0.770595703125 0.7235389133627019 0.186435546875 0.2776651982378855
0 0.92791015625 0.7295447870778267 0.1441796875 0.25230543318649046
0 0.04705078125 0.8891336270190896 0.0941015625 0.22173274596182085
0 0.165126953125 0.9031571218795887 0.182880859375 0.19370044052863436
0 0.33869140625 0.9091629955947136 0.176669921875 0.18168869309838473
0 0.510478515625 0.9144933920704845 0.168681640625 0.1709985315712188
0 0.679599609375 0.9078267254038179 0.173115234375 0.18436123348017622
0 0.844287109375 0.9144933920704845 0.165126953125 0.1709985315712188
0 0.95720703125 0.9191629955947137 0.0855859375 0.16165932452276066