47 0.49658203125 0.2825520833333333 0.1318359375 0.18229166666666666
47 0.71044921875 0.4759114583333333 0.1376953125 0.17578125
47 0.7275390625 0.3424479166666667 0.119140625 0.12760416666666666
47 0.66162109375 0.5709635416666666 0.1376953125 0.2643229166666667
47 0.47509765625 0.697265625 0.1806640625 0.23046875
47 0.31884765625 0.5794270833333334 0.1435546875 0.2760416666666667
47 0.25390625 0.4778645833333333 0.12109375 0.20833333333333334
47 0.369140625 0.2701822916666667 0.07421875 0.09505208333333333
17 0.441044921875 0.4480859375 0.085625 0.25493489583333334
12 0.516416015625 0.48523437500000005 0.043984375 0.1258984375
12 0.374482421875 0.3722265625 0.0428125 0.13763020833333334
12 0.59265625 0.3823958333333333 0.04515625 0.05786458333333333
32 0.34427734375 0.4003776041666667 0.030498046875 0.06256510416666666
32 0.622568359375 0.321796875 0.06509765625 0.05552083333333333
32 0.606728515625 0.35736979166666666 0.05689453125 0.05317708333333334
32 0.419931640625 0.5618619791666667 0.049267578125 0.0367578125