1 0.28515625 0.58984375 0.263671875 0.5729166666666666
29 0.57958984375 0.73828125 0.7275390625 0.5234375
44 0.38671875 0.150390625 0.451171875 0.30078125
13 0.6796875 0.5455729166666666 0.11328125 0.12239583333333333
13 0.81640625 0.5930989583333334 0.119140625 0.11848958333333333
13 0.68115234375 0.20442708333333334 0.0830078125 0.15104166666666666
13 0.75927734375 0.138671875 0.0986328125 0.09505208333333333
13 0.9541015625 0.3509114583333333 0.08984375 0.12369791666666667
13 0.88818359375 0.3450520833333333 0.0791015625 0.13020833333333334
13 0.8720703125 0.173828125 0.1015625 0.09505208333333333
13 0.74072265625 0.07421875 0.0712890625 0.059895833333333336
13 0.560546875 0.2890625 0.078125 0.1015625
38 0.28564453125 0.072265625 0.1298828125 0.14453125