0 0.932314453125 0.36791666666666667 0.13537109375 0.5007986111111111
0 0.713642578125 0.7016493055555555 0.31099609375 0.5966840277777777
0 0.56677734375 0.49279513888888893 0.12544921875 0.3952951388888889
0 0.588564453125 0.1909722222222222 0.17052734375 0.18696180555555555
0 0.529970703125 0.14222222222222222 0.14798828125 0.28446180555555556
0 0.134091796875 0.5882812500000001 0.1690234375 0.26309027777777777
0 0.1611328125 0.75921875 0.205078125 0.1535763888888889
0 0.262548828125 0.7745659722222222 0.2216015625 0.10684027777777777
2 0.35494140625 0.5568923611111111 0.2080859375 0.25640625
2 0.67232421875 0.3866145833333333 0.17427734375 0.23637152777777778
0 0.78125 0.30649305555555556 0.091650390625 0.4099826388888889
29 0.46236328125 0.8105034722222223 0.178037109375 0.3790104166666667
2 0.170146484375 0.9180034722222222 0.113427734375 0.16399305555555554
29 0.0439453125 0.5662326388888889 0.08638671875 0.4594097222222222
29 0.65880859375 0.86125 0.2373828125 0.2775173611111111
2 0.392880859375 0.3251909722222222 0.0946484375 0.1242013888888889
0 0.443212890625 0.3812847222222222 0.11568359375 0.126875
2 0.700869140625 0.2530729166666667 0.078125 0.1348784722222222