13 0.2783203125 0.39065885797950217 0.116298828125 0.10515373352855051
13 0.350234375 0.478506588579795 0.121630859375 0.12644216691068813
13 0.429248046875 0.5683455344070278 0.1305078125 0.1277745241581259
13 0.522021484375 0.6628550512445095 0.143818359375 0.16505124450951683
13 0.621005859375 0.7799853587115666 0.157138671875 0.17569546120058566
6 0.68048828125 0.4053001464128843 0.453662109375 0.41661786237188875
51 0.7861328125 0.3354172767203514 0.043505859375 0.045256222547584185
51 0.822529296875 0.43058565153733525 0.05060546875 0.04925329428989751
35 0.454541015625 0.7540263543191801 0.147373046875 0.20098096632503662
35 0.34046875 0.8145827232796486 0.135830078125 0.1783601756954612
35 0.360439453125 0.6688433382137629 0.1012109375 0.13710102489019033
35 0.264560546875 0.7673352855051245 0.126064453125 0.19566617862371888
35 0.202412109375 0.6794875549048316 0.09765625 0.17969253294289897
35 0.314716796875 0.5923133235724743 0.087890625 0.1277745241581259
35 0.27521484375 0.5510395314787702 0.0816796875 0.1277745241581259
35 0.157578125 0.6189311859443631 0.102099609375 0.15439238653001464
35 0.13849609375 0.5630307467057101 0.102978515625 0.10915080527086383
35 0.254794921875 0.5164421669106881 0.083447265625 0.11979502196193265
35 0.205966796875 0.4838213762811127 0.049716796875 0.11579795021961933
35 0.1025390625 0.520424597364568 0.100322265625 0.1277745241581259
35 0.19708984375 0.4472181551976574 0.0816796875 0.10915080527086383
35 0.165576171875 0.4292532942898975 0.080791015625 0.11313323572474378
35 0.080341796875 0.46386530014641286 0.098544921875 0.11046852122986824