43 0.19194805194805192 0.66214 0.13272727272727275 0.22143000000000002
43 0.2947052947052947 0.72 0.0899100899100899 0.16571
43 0.43527472527472527 0.6285700000000001 0.19694305694305692 0.13713999999999998
43 0.5280419580419581 0.45571 0.15413586413586414 0.13713999999999998
43 0.4367032967032967 0.38429 0.10560439560439559 0.13429
43 0.38104895104895103 0.52643 0.15413586413586414 0.15
43 0.2518881118881119 0.515 0.13272727272727275 0.11
43 0.132007992007992 0.49929 0.1355744255744256 0.18143
43 0.3096903096903097 0.41786 0.17696303696303695 0.12714
43 0.3253846153846154 0.32356999999999997 0.13415584415584414 0.08429
43 0.20050949050949052 0.34429000000000004 0.13272727272727275 0.17143
42 0.5123476523476523 0.21143 0.43956043956043955 0.26286000000000004
42 0.7592407592407593 0.38071 0.3596403596403596 0.29
51 0.7556743256743256 0.5857100000000001 0.19551448551448553 0.15428999999999998
51 0.38461538461538464 0.77 0.10703296703296704 0.12286
51 0.5009290709290709 0.8464299999999999 0.2597402597402597 0.20143
51 0.7124675324675325 0.73752 0.22169830169830168 0.14518999999999999