1 0.34765625 0.52734375 0.154296875 0.3697916666666667
44 0.39208984375 0.21223958333333334 0.2939453125 0.28125
38 0.34005859375 0.1372265625 0.1251953125 0.15565104166666668
29 0.54138671875 0.6274739583333333 0.446640625 0.36919270833333334
13 0.5963671875 0.5011588541666666 0.07162109375 0.08045572916666667
13 0.687158203125 0.5323567708333333 0.077255859375 0.07970052083333333
13 0.521083984375 0.3338541666666666 0.051884765625 0.07067708333333333
13 0.789853515625 0.3738802083333333 0.065595703125 0.07579427083333333
13 0.737646484375 0.3738802083333333 0.054111328125 0.08454427083333334
13 0.657568359375 0.22739583333333332 0.064501953125 0.06268229166666667
13 0.6485546875 0.17454427083333335 0.051923828125 0.04591145833333333
13 0.59990234375 0.1785546875 0.060673828125 0.04809895833333333
13 0.7335546875 0.24779947916666667 0.0819921875 0.06850260416666666