33 0.537109375 0.5625 0.244140625 0.3645833333333333
7 0.556591796875 0.7167447916666667 0.076640625 0.06674479166666666
7 0.545380859375 0.5773567708333334 0.02919921875 0.03962239583333333
7 0.561025390625 0.6086458333333333 0.033369140625 0.04240885416666667
7 0.569365234375 0.5415494791666667 0.0344140625 0.047278645833333334
7 0.604296875 0.5808333333333333 0.0344140625 0.047968750000000004
7 0.599345703125 0.6583463541666666 0.0328515625 0.03893229166666667
7 0.616552734375 0.6201171875 0.029716796875 0.0375390625
7 0.6426171875 0.540859375 0.024501953125 0.04309895833333333
7 0.591259765625 0.4553515625 0.0344140625 0.0444921875
7 0.560234375 0.4577864583333333 0.028671875 0.04240885416666667
7 0.53677734375 0.44144531249999996 0.028671875 0.04170572916666667
7 0.504189453125 0.4400520833333333 0.027109375 0.04032552083333333
7 0.431455078125 0.6218489583333333 0.031806640625 0.04518229166666667
7 0.45048828125 0.6069010416666667 0.023984375 0.03197916666666666
7 0.50236328125 0.6270703125 0.03076171875 0.047278645833333334
7 0.532607421875 0.6148958333333333 0.016162109375 0.02015625
7 0.506015625 0.5752734375 0.023466796875 0.036848958333333334
7 0.51201171875 0.5460677083333333 0.027109375 0.0312890625
7 0.488291015625 0.7188281249999999 0.02763671875 0.0375390625
7 0.46794921875 0.6997135416666667 0.02763671875 0.0340625
7 0.41373046875 0.673984375 0.043271484375 0.07716145833333334