14 0.19017499999999998 0.6265103189493434 0.341075 0.36317073170731706
14 0.2674125 0.7812945590994371 0.09553750000000001 0.1581425891181989
14 0.3017875 0.6640337711069418 0.103575 0.11123827392120075
14 0.3553625 0.7397560975609756 0.1071375 0.16348968105065667
14 0.2366125 0.300187617260788 0.2857125 0.43151969981238275
14 0.41204999999999997 0.2170919324577861 0.19196249999999998 0.35915572232645404
14 0.5325875 0.32163227016885554 0.11338749999999999 0.17153846153846156
14 0.653125 0.16818011257035648 0.284825 0.2666791744840525
14 0.7955374999999999 0.48110694183864916 0.35178750000000003 0.6030581613508443
14 0.4803625 0.6921763602251407 0.2857125 0.39266416510318947
14 0.5080375 0.4556472795497186 0.26963750000000003 0.32966228893058164