28 0.14337890625 0.7999266862170087 0.28498046875 0.4001612903225807
1 0.526904296875 0.5191935483870967 0.350673828125 0.3159090909090909
1 0.13494140625 0.45520527859237536 0.268115234375 0.3532404692082111
1 0.87953125 0.47054252199413493 0.240947265625 0.2799266862170088
38 0.909091796875 0.2885923753665689 0.0621484375 0.1639589442815249
38 0.51447265625 0.34991202346041056 0.059482421875 0.07064516129032258
38 0.8851171875 0.43388563049853374 0.126064453125 0.08664222873900294
38 0.036396484375 0.36390029325513196 0.0550390625 0.1706158357771261
38 0.127392578125 0.40589442815249266 0.06658203125 0.0893108504398827
16 0.630322265625 0.3439149560117302 0.072802734375 0.16262463343108505
16 0.693359375 0.27259530791788855 0.071025390625 0.06265395894428152
16 0.721328125 0.34124633431085044 0.0523828125 0.10397360703812317
16 0.70490234375 0.41189149560117305 0.0355078125 0.06664222873900294
16 0.681376953125 0.4418768328445748 0.048828125 0.04398826979472141
16 0.72931640625 0.4818768328445748 0.034619140625 0.06532258064516129
16 0.813212890625 0.36390029325513196 0.06037109375 0.06131964809384164
16 0.801220703125 0.40589442815249266 0.0452734375 0.04932551319648094
16 0.754619140625 0.24727272727272726 0.1598046875 0.12662756598240468
38 0.320048828125 0.8510997067448681 0.038173828125 0.05998533724340176
18 0.502490234375 0.6864809384164223 0.401279296875 0.3252492668621701
18 0.860888671875 0.6898093841642229 0.278232421875 0.24926686217008798
18 0.218837890625 0.6464956011730205 0.139384765625 0.21860703812316715