51 0.516796875 0.6152631578947368 0.2208203125 0.1587624466571835
6 0.306103515625 0.6217496443812233 0.0838671875 0.12688477951635846
6 0.38349609375 0.6179231863442389 0.083056640625 0.09206258890469417
17 0.38515625 0.5429871977240399 0.08654296875 0.07422475106685633
17 0.391708984375 0.7870128022759602 0.032451171875 0.058051209103840685
17 0.3983984375 0.8417496443812233 0.0355859375 0.04395448079658606
9 0.141806640625 0.6295163584637269 0.113251953125 0.17059743954480797
43 0.2977734375 0.522873399715505 0.090390625 0.06943100995732575
51 0.396162109375 0.4428449502133713 0.0639453125 0.02709815078236131
51 0.46025390625 0.464651493598862 0.054931640625 0.03260312944523471
43 0.89283203125 0.6861593172119488 0.173525390625 0.16307254623044096
43 0.751328125 0.6557183499288762 0.09953125 0.05200568990042675
12 0.739990234375 0.7454054054054053 0.16578125 0.16702702702702704
1 0.5985546875 0.7075106685633001 0.111630859375 0.057724039829302985
35 0.81833984375 0.5387197724039829 0.15005859375 0.1326458036984353
28 0.69037109375 0.5854338549075391 0.160341796875 0.12118065433854908
29 0.886103515625 0.16679943100995734 0.09015625 0.1009103840682788
29 0.6481640625 0.26792318634423895 0.06927734375 0.080199146514936
29 0.583125 0.32234708392603134 0.09771484375 0.08681365576102418
29 0.742099609375 0.3091322901849218 0.08833984375 0.06477951635846373
29 0.684013671875 0.18221906116642958 0.046591796875 0.11502133712660029
51 0.682353515625 0.45719772403982933 0.051728515625 0.04891891891891892
22 0.5209765625 0.4650071123755334 0.056162109375 0.05034139402560455
6 0.567705078125 0.5223328591749644 0.039150390625 0.04907539118065434
6 0.524609375 0.5289615931721195 0.02701171875 0.0331578947368421