37 0.5530859375 0.4919236417033774 0.3160546875 0.4231718061674009
7 0.688037109375 0.38580029368575625 0.0390625 0.0774302496328928
7 0.771484375 0.4679001468428781 0.0550390625 0.08676945668135096
7 0.728427734375 0.5806901615271659 0.0452734375 0.07475770925110131
7 0.755947265625 0.616079295154185 0.061259765625 0.0947870778267254
7 0.703564453125 0.6848164464023495 0.06658203125 0.09345080763582966
7 0.5126953125 0.7362114537444934 0.063037109375 0.08944199706314243
7 0.417705078125 0.6728046989720998 0.07013671875 0.10412628487518355
7 0.35955078125 0.6427753303964758 0.0550390625 0.07876651982378854
7 0.31427734375 0.5673421439060206 0.051494140625 0.07475770925110131
7 0.34490234375 0.4645521292217328 0.06658203125 0.08543318649045521