20 0.7096354166666666 0.51025390625 0.17903645833333334 0.18310546875
20 0.2604166666666667 0.2813720703125 0.185546875 0.091552734375
20 0.6901041666666666 0.2685546875 0.13671875 0.09521484375
20 0.3011067708333333 0.5035400390625 0.185546875 0.167236328125
51 0.48095703125 0.2777099609375 0.2913411458333333 0.247802734375
1 0.3678385416666667 0.14404296875 0.205078125 0.1806640625
1 0.7275390625 0.2996826171875 0.3157552083333333 0.181884765625
1 0.5753580729166666 0.5499267578125 0.4410807291666667 0.374755859375
1 0.18961588541666666 0.4083251953125 0.3792317708333333 0.213623046875
29 0.16438802083333334 0.2911376953125 0.322265625 0.230712890625
29 0.5574544270833334 0.1611328125 0.2750651041666667 0.11962890625
29 0.9085286458333334 0.44189453125 0.18294270833333334 0.2294921875
29 0.7918294270833334 0.5828857421875 0.1904296875 0.115966796875
29 0.18147786458333334 0.589599609375 0.1513671875 0.12451171875
29 0.37109375 0.7293701171875 0.4557291666666667 0.294189453125