5 0.3125 0.538505859375 0.318076171875 0.396201171875
44 0.547568359375 0.361328125 0.453408203125 0.29017578125
24 0.56982421875 0.705517578125 0.043564453125 0.082998046875
24 0.51919921875 0.71140625 0.03296875 0.143046875
24 0.71169921875 0.68755859375 0.10595703125 0.043564453125
24 0.65841796875 0.6448828125 0.06298828125 0.073583984375
24 0.67431640625 0.56041015625 0.074755859375 0.04708984375
24 0.7296484375 0.55216796875 0.053564453125 0.07181640625
24 0.604267578125 0.582783203125 0.048857421875 0.061220703125
24 0.504482421875 0.6119140625 0.051806640625 0.0335546875
25 0.685498046875 0.5133203125 0.027666015625 0.03296875
25 0.773212890625 0.52185546875 0.03001953125 0.035908203125
25 0.785576171875 0.54775390625 0.0335546875 0.03001953125
25 0.7576171875 0.6283984375 0.0258984375 0.031201171875
25 0.786162109375 0.633994140625 0.022958984375 0.031787109375
25 0.668134765625 0.706396484375 0.036494140625 0.035322265625
25 0.61986328125 0.759970703125 0.035322265625 0.036494140625
25 0.588076171875 0.764384765625 0.03296875 0.0335546875
25 0.545986328125 0.655185546875 0.03001953125 0.034140625
25 0.5975 0.646650390625 0.034140625 0.0335546875
25 0.5771875 0.532158203125 0.035908203125 0.031787109375
25 0.499482421875 0.58513671875 0.0347265625 0.027080078125
25 0.445029296875 0.72435546875 0.035322265625 0.032373046875
16 0.6360546875 0.740244140625 0.031201171875 0.03826171875
16 0.7169921875 0.65666015625 0.040029296875 0.031201171875
16 0.73318359375 0.62044921875 0.031201171875 0.043564453125
16 0.756142578125 0.546875 0.032373046875 0.03884765625
16 0.596611328125 0.515078125 0.035908203125 0.023544921875
16 0.538330078125 0.550107421875 0.02884765625 0.03826171875
16 0.56482421875 0.621923828125 0.044150390625 0.026494140625
16 0.56482421875 0.600439453125 0.035908203125 0.022373046875
16 0.535390625 0.604853515625 0.039443359375 0.026494140625
16 0.60603515625 0.676669921875 0.022958984375 0.0347265625
16 0.483583984375 0.495361328125 0.031201171875 0.0335546875
16 0.658125 0.42501953125 0.0258984375 0.027080078125
16 0.59896484375 0.473583984375 0.02884765625 0.0335546875
24 0.395712890625 0.726962890625 0.057724609375 0.027509765625