49 0.8753440702781845 0.304130859375 0.15686676427525623 0.11439453125
49 0.7163836017569546 0.58384765625 0.15269399707174233 0.11021484375
49 0.7226500732064421 0.67662109375 0.12758418740849195 0.09486328125
49 0.6295754026354319 0.75962890625 0.15477306002928257 0.082314453125
49 0.26563689604685214 0.78333984375 0.1380527086383602 0.08509765625
49 0.4078623718887262 0.43248046875 0.1380527086383602 0.09765625
49 0.48838945827232794 0.35853515625 0.1652415812591508 0.083701171875
49 0.44027818448023426 0.299248046875 0.14431918008784772 0.079521484375
30 0.5500878477306003 0.2197265625 0.20497803806734993 0.10462890625
30 0.7770278184480235 0.186240234375 0.2070717423133236 0.093466796875
30 0.4078623718887262 0.521064453125 0.18824304538799413 0.107421875
30 0.6337628111273792 0.8544921875 0.19661786237188872 0.10462890625