5 0.624 0.6273333333333333 0.276 0.284
5 0.429 0.53 0.156 0.27066666666666667
8 0.7555 0.35133333333333333 0.489 0.43866666666666665
8 0.265 0.318 0.48 0.44666666666666666
38 0.127 0.932 0.17 0.136
38 0.3295 0.9533333333333334 0.113 0.09333333333333334
38 0.471 0.8226666666666667 0.068 0.08533333333333333
35 0.5525 0.844 0.057 0.072
35 0.53 0.9626666666666667 0.06 0.06666666666666667
35 0.0735 0.79 0.145 0.18266666666666667
35 0.056 0.6286666666666667 0.06 0.07066666666666667
35 0.223 0.87 0.042 0.052
35 0.2475 0.9833333333333333 0.045 0.03333333333333333
35 0.17 0.8386666666666667 0.03 0.05333333333333334
35 0.763 0.5713333333333334 0.048 0.07866666666666666
35 0.3185 0.48 0.047 0.050666666666666665
38 0.0335 0.5513333333333333 0.045 0.076