8 0.52392578125 0.2522875816993464 0.8427734375 0.34248366013071896
8 0.46337890625 0.6777777777777778 0.8349609375 0.5529411764705883
46 0.40966796875 0.37712418300653594 0.2607421875 0.12156862745098039
46 0.61376953125 0.4470588235294118 0.2802734375 0.1411764705882353
46 0.841796875 0.37777777777777777 0.16796875 0.12549019607843137
17 0.5654296875 0.6366013071895424 0.142578125 0.18823529411764706
51 0.11767578125 0.3862745098039216 0.1474609375 0.134640522875817
17 0.15625 0.3810457516339869 0.08203125 0.06666666666666667
35 0.40380859375 0.47908496732026146 0.1376953125 0.1477124183006536
51 0.708984375 0.6705882352941176 0.115234375 0.09411764705882353
35 0.93017578125 0.5947712418300654 0.0537109375 0.13071895424836602
29 0.31689453125 0.49869281045751634 0.1474609375 0.134640522875817