6 0.66552734375 0.71484375 0.2705078125 0.3203125
6 0.4296875 0.7486979166666666 0.189453125 0.2760416666666667
6 0.31298828125 0.1953125 0.2626953125 0.2604166666666667
51 0.642578125 0.16796875 0.18359375 0.24739583333333334
51 0.7177734375 0.3170572916666667 0.12890625 0.12890625
51 0.77197265625 0.3828125 0.0595703125 0.1171875
51 0.71044921875 0.4505208333333333 0.0751953125 0.12760416666666666
51 0.63525390625 0.546875 0.1435546875 0.1328125
51 0.39599609375 0.5078125 0.0927734375 0.21875
51 0.3408203125 0.451171875 0.0703125 0.18619791666666666
51 0.447265625 0.3541666666666667 0.126953125 0.1953125
51 0.5302734375 0.310546875 0.123046875 0.13411458333333334
51 0.44580078125 0.08138020833333333 0.1044921875 0.13151041666666666
51 0.46875 0.18424479166666666 0.072265625 0.11588541666666667
51 0.51904296875 0.21158854166666666 0.0986328125 0.07942708333333333
51 0.51123046875 0.8606770833333334 0.0869140625 0.19270833333333334
25 0.32177734375 0.765625 0.3212890625 0.4140625