14 0.2140625 0.4381916666666667 0.36145625000000003 0.28194166666666665
14 0.28854375 0.45 0.15 0.16110833333333335
14 0.2671875 0.5875 0.25520624999999997 0.25833333333333336
14 0.49010624999999997 0.425 0.296875 0.25
14 0.65260625 0.7229166666666667 0.08854374999999999 0.090275
14 0.7427062499999999 0.6486083333333333 0.19583124999999998 0.175
14 0.5286437500000001 0.5708333333333333 0.28645624999999997 0.29444166666666666
14 0.6953125 0.36319166666666663 0.15729374999999998 0.209725
14 0.49479375 0.22430833333333336 0.16041875 0.17916666666666667
14 0.6359375 0.246525 0.15729374999999998 0.21805833333333335
14 0.7953125 0.4666666666666667 0.27395625 0.25833333333333336