0 0.3415451388888889 0.46625 0.03545138888888889 0.02265625
0 0.5711284722222223 0.473505859375 0.04027777777777777 0.02083984375
0 0.5010416666666667 0.535126953125 0.0515625 0.026279296875
0 0.5695138888888889 0.53240234375 0.04671875 0.02265625
0 0.5904513888888889 0.603544921875 0.03704861111111111 0.01630859375
0 0.5010416666666667 0.65927734375 0.04510416666666667 0.02447265625
0 0.42854166666666665 0.6823828125 0.038663194444444444 0.021748046875
0 0.4430381944444444 0.7005078125 0.03222222222222222 0.01994140625
0 0.1659375 0.596298828125 0.04833333333333333 0.032626953125
0 0.11842013888888887 0.628466796875 0.03383680555555555 0.02083984375
0 0.22635416666666666 0.487998046875 0.05960069444444444 0.02447265625
0 0.26824652777777774 0.483466796875 0.043506944444444445 0.026279296875
0 0.3769965277777778 0.50748046875 0.038663194444444444 0.01994140625
0 0.17319444444444446 0.4132421875 0.04994791666666667 0.030810546875
0 0.3359027777777778 0.360673828125 0.04027777777777777 0.01994140625
0 0.4527083333333333 0.3475390625 0.038663194444444444 0.02083984375
0 0.5944791666666667 0.308115234375 0.04189236111111111 0.023564453125
0 0.5477604166666666 0.235166015625 0.03545138888888889 0.02447265625
0 0.5098958333333333 0.223388671875 0.03383680555555555 0.02083984375
0 0.18204861111111112 0.1753515625 0.038663194444444444 0.02265625
0 0.8111631944444445 0.428642578125 0.04027777777777777 0.0271875
0 0.9167013888888889 0.55869140625 0.03545138888888889 0.026279296875
0 0.3407465277777778 0.438154296875 0.043506944444444445 0.02265625
0 0.6556944444444445 0.340283203125 0.038663194444444444 0.02083984375
0 0.6661805555555556 0.38876953125 0.04027777777777777 0.021748046875
0 0.8659548611111112 0.203896484375 0.02739583333333333 0.014501953125
0 0.7499479166666667 0.244677734375 0.02739583333333333 0.018125
0 0.14418402777777778 0.169912109375 0.04027777777777777 0.026279296875
0 0.5203819444444444 0.6370703125 0.04833333333333333 0.01994140625