51 0.4585 0.306 0.533 0.36666666666666664
51 0.2415 0.6533333333333333 0.265 0.624
51 0.869 0.4786666666666667 0.262 0.624
51 0.203 0.17466666666666666 0.402 0.344
51 0.905 0.09466666666666666 0.19 0.18933333333333333
35 0.398 0.6766666666666666 0.204 0.39066666666666666
35 0.595 0.7693333333333333 0.422 0.2986666666666667
35 0.938 0.8073333333333333 0.124 0.196
1 0.6305 0.602 0.385 0.244
1 0.0965 0.5153333333333333 0.169 0.4013333333333333
35 0.7125 0.08333333333333333 0.113 0.16666666666666666
35 0.7915 0.09466666666666666 0.123 0.18933333333333333