1 0.620869140625 0.32786458333333335 0.2801953125 0.1535763888888889
52 0.103291015625 0.45272569444444444 0.20658203125 0.3445486111111111
52 0.342548828125 0.2644270833333333 0.27193359375 0.06677083333333333
52 0.801533203125 0.44939236111111114 0.126201171875 0.3859548611111111
52 0.680966796875 0.23503472222222221 0.13146484375 0.04807291666666667
52 0.4559765625 0.4046527777777778 0.0946484375 0.21635416666666668
44 0.34705078125 0.6670659722222223 0.21033203125 0.08947916666666667
44 0.324521484375 0.38394097222222223 0.13671875 0.10817708333333334
44 0.536357421875 0.6330208333333334 0.1006640625 0.18963541666666667
44 0.63927734375 0.439375 0.189306640625 0.08546875
44 0.7440625 0.6183159722222222 0.081884765625 0.24038194444444447
44 0.419169921875 0.5315104166666667 0.0555859375 0.18963541666666667
44 0.244892578125 0.5175 0.046572265625 0.2176736111111111