1 0.69866 0.438 0.34134 0.36134
20 0.42734 0.53934 0.492 0.452
38 0.46066 0.41466000000000003 0.28666 0.13066
38 0.744 0.8113400000000001 0.19466 0.12666
38 0.32686000000000004 0.3595 0.15880000000000002 0.10132
38 0.07794 0.43207999999999996 0.09742 0.06722
38 0.3629 0.08574 0.043840000000000004 0.040920000000000005
38 0.40382 0.10034 0.0263 0.046759999999999996
38 0.25428 0.25088 0.1247 0.057479999999999996
38 0.30786 0.17732 0.060399999999999995 0.0643
38 0.5451 0.11594 0.10424 0.076
2 0.43598000000000003 0.20654 0.1705 0.11692
2 0.59722 0.21580000000000002 0.14418 0.08281999999999999
2 0.473 0.7876799999999999 0.07892 0.07892
2 0.5636 0.75212 0.11204 0.08378000000000001
38 0.54996 0.85734 0.0867 0.07987999999999999
38 0.34976 0.84176 0.03508 0.040920000000000005
38 0.36242 0.73946 0.11692 0.076
38 0.45546 0.6795399999999999 0.11594 0.10424
38 0.14565999999999998 0.49345999999999995 0.07306 0.08476
2 0.19144 0.4467 0.0984 0.11009999999999999