6 0.769267578125 0.513103953147877 0.290302734375 0.6428843338213762
9 0.1953125 0.6309077598828697 0.2183984375 0.3194436310395315
9 0.2015234375 0.36537335285505124 0.17578125 0.24890190336749635
51 0.412373046875 0.3300878477306003 0.134052734375 0.2023133235724744
51 0.396396484375 0.4678623718887262 0.146484375 0.1903367496339678
51 0.4248046875 0.6076134699853587 0.157138671875 0.21961932650073207
51 0.4554296875 0.8119326500732064 0.15447265625 0.24490483162518303
43 0.659619140625 0.8026061493411419 0.182880859375 0.2901610541727672
43 0.601025390625 0.6808199121522694 0.19353515625 0.29682284040995605
43 0.573505859375 0.5423865300146413 0.161572265625 0.18500732064421668
43 0.549091796875 0.4059590043923865 0.173115234375 0.2582137628111274
43 0.590380859375 0.2502342606149341 0.145595703125 0.0958272327964861
43 0.641865234375 0.19699853587115668 0.129619140625 0.08251830161054173