28 0.4048 0.17196 0.15296 0.1549
28 0.52658 0.29713999999999996 0.14126 0.16952
28 0.6537200000000001 0.37168 0.15003999999999998 0.15686000000000003
28 0.8101 0.41746 0.16076 0.15686000000000003
28 0.13202 0.45692 0.14712 0.1403
28 0.32101999999999997 0.43160000000000004 0.13541999999999998 0.1364
28 0.45546 0.47544 0.14515999999999998 0.15003999999999998
1 0.18852000000000002 0.6133 0.2835 0.25622
1 0.35074 0.69708 0.2085 0.32832
1 0.5524 0.65128 0.189 0.34002
1 0.75262 0.6673600000000001 0.24647999999999998 0.30786