1 0.27880859375 0.396484375 0.2333984375 0.56640625
1 0.1923828125 0.08854166666666667 0.228515625 0.1015625
1 0.595703125 0.076171875 0.28515625 0.15234375
1 0.61767578125 0.1953125 0.2197265625 0.1328125
1 0.71533203125 0.3697916666666667 0.5537109375 0.2994791666666667
1 0.70361328125 0.6048177083333334 0.4287109375 0.33984375
1 0.384765625 0.369140625 0.115234375 0.14713541666666666
29 0.2099609375 0.8515625 0.3203125 0.296875
29 0.94091796875 0.736328125 0.1181640625 0.4075520833333333
29 0.099619140625 0.25729166666666664 0.1966015625 0.22958333333333333
14 0.091787109375 0.48161458333333335 0.183583984375 0.29108072916666666
14 0.238154296875 0.6509635416666667 0.12900390625 0.4683723958333333
14 0.631611328125 0.4743359375 0.29869140625 0.4167708333333333
14 0.495166015625 0.9055338541666668 0.28380859375 0.18894531250000002
14 0.856875 0.6668489583333334 0.167705078125 0.33078124999999997
14 0.848798828125 0.13826822916666667 0.302392578125 0.27123697916666667
14 0.343349609375 0.10453125 0.172666015625 0.2090494791666667
14 0.435634765625 0.23485677083333334 0.176630859375 0.14950520833333333