52 0.48856361149110805 0.6828641251221896 0.46902872777017784 0.30722385141739983
52 0.2853214774281806 0.4168426197458456 0.38694938440492477 0.21924731182795698
52 0.9397127222982216 0.34632453567937443 0.12057455540355677 0.18992179863147604
52 0.7318741450068399 0.20318670576735096 0.2638303693570452 0.13825024437927663
52 0.10259917920656635 0.28627565982404696 0.19347469220246238 0.15082111436950146
52 0.5051846785225719 0.15220918866080158 0.2286456908344733 0.13685239491691104
52 0.3126812585499316 0.06563049853372434 0.1993296853625171 0.09495601173020528
52 0.7670451436388509 0.03421309872922776 0.1856497948016416 0.06563049853372434
52 0.9328727770177838 0.090772238514174 0.13425444596443228 0.07540566959921799
29 0.4582763337893297 0.7380254154447703 0.9165526675786594 0.41195503421309876
29 0.31560875512995895 0.45663734115347016 0.5921477428180575 0.2960508308895406
29 0.7631463748290014 0.37285434995112415 0.28336525307797533 0.0921700879765396
29 0.3781532147742818 0.20527859237536658 0.13484268125854992 0.053069403714565005
29 0.6224350205198358 0.25346041055718477 0.2051983584131327 0.10473118279569893
8 0.8449247606019151 0.4496578690127077 0.31013679890560875 0.12009775171065494
8 0.4729274965800273 0.8343792766373412 0.8403419972640218 0.30023460410557185
8 0.5735841313269494 0.302336265884653 0.2638303693570452 0.11310850439882697
8 0.39280437756497943 0.24717497556207235 0.1954309165526676 0.06423264907135874