4 0.2247469220246238 0.12009775171065494 0.4455677154582763 0.2401857282502444
4 0.5667441860465117 0.19410557184750732 0.10552667578659371 0.06144672531769306
4 0.46608755129958956 0.37285434995112415 0.08403556771545828 0.06423264907135874
4 0.6497948016415869 0.45943304007820135 0.08012311901504789 0.07261974584555231
4 0.4836798905608755 0.499227761485826 0.0918467852257182 0.054457478005865104
4 0.39768809849521203 0.4538514173998045 0.052763337893296854 0.06982404692082111
4 0.5012722298221615 0.6381818181818182 0.1153077975376197 0.06702834799608992
4 0.6224350205198358 0.5900000000000001 0.08794801641586868 0.051671554252199416
49 0.8286046511627907 0.07680351906158357 0.11725034199726402 0.08378299120234603
49 0.9172366621067032 0.20318670576735096 0.16552667578659372 0.11590420332355815
49 0.8344733242134063 0.2995405669599218 0.10162790697674419 0.08239491691104595
49 0.7387140902872777 0.3616813294232649 0.1094391244870041 0.08099706744868035
49 0.804186046511628 0.4901564027370479 0.0918467852257182 0.07261974584555231
49 0.6712859097127223 0.6263049853372434 0.08012311901504789 0.06004887585532747