0 0.48884765625 0.4455660377358491 0.15779296875 0.1421383647798742
0 0.32947265625 0.4621593291404612 0.14986328125 0.16852201257861638
35 0.44126953125 0.1668238993710692 0.135595703125 0.14469601677148847
35 0.363173828125 0.7936792452830188 0.126875 0.13532494758909852
51 0.486474609375 0.5464255765199161 0.16255859375 0.08340670859538783
51 0.580830078125 0.4821593291404612 0.046787109375 0.06553459119496856
51 0.456337890625 0.3527882599580713 0.073740234375 0.04851153039832285
51 0.4158984375 0.39236897274633126 0.062646484375 0.05106918238993711
51 0.37466796875 0.3510901467505241 0.070576171875 0.08255765199161426
51 0.510263671875 0.3021488469601677 0.049951171875 0.044255765199161426
51 0.474580078125 0.2310796645702306 0.04361328125 0.06042976939203354
51 0.5324609375 0.35066037735849054 0.04361328125 0.04936058700209644
51 0.478544921875 0.640901467505241 0.04361328125 0.061278825995807126
51 0.545146484375 0.7243081761006289 0.042021484375 0.04084905660377358
6 0.25056640625 0.6451572327044025 0.18396484375 0.234916142557652
6 0.571318359375 0.20044025157232703 0.153037109375 0.20682389937106918
12 0.683125 0.4600314465408805 0.394091796875 0.5115303983228512
6 0.82228515625 0.5119496855345912 0.147490234375 0.22725366876310274