14 0.6768200000000001 0.8212797619047618 0.17 0.3574107142857143
1 0.47228 0.8361607142857143 0.1991 0.32764880952380954
1 0.5841000000000001 0.6547619047619048 0.13363999999999998 0.3111607142857143
1 0.14182 0.7318749999999999 0.18181999999999998 0.21104166666666666
1 0.30545999999999995 0.6520535714285715 0.17454 0.13258928571428572
1 0.79318 0.6912797619047619 0.19728 0.3841964285714286
14 0.56798 0.48892857142857143 0.15682 0.16529761904761905
1 0.76546 0.3878869047619048 0.14204 0.17392857142857143
35 0.59456 0.3387202380952381 0.055740000000000005 0.12255952380952381
35 0.80812 0.34017857142857144 0.07644 0.16660714285714284
35 0.96312 0.7574107142857143 0.07376 0.15119047619047618
35 0.94128 0.6598214285714286 0.0873 0.09101190476190475
35 0.9025599999999999 0.31854166666666667 0.1095 0.16440476190476191
14 0.6317999999999999 0.14092261904761905 0.17656 0.2744940476190476
35 0.8609 0.17833333333333334 0.12279999999999999 0.14824404761904764
51 0.9400599999999999 0.8965178571428571 0.08384 0.1563392857142857
51 0.86286 0.6598214285714286 0.10801999999999999 0.1952380952380952
51 0.83228 0.4998214285714286 0.14056 0.1335714285714286
51 0.31714 0.8855059523809523 0.12626 0.22824404761904762
51 0.46608 0.6414583333333334 0.09666 0.08074404761904762
35 0.4609 0.2660416666666667 0.12676 0.1636607142857143
16 0.36645999999999995 0.3548511904761905 0.14598 0.2664285714285714
16 0.46756 0.4495238095238095 0.09766 0.143125
16 0.30826 0.5757738095238095 0.10258 0.10494047619047618
16 0.40788 0.5515476190476191 0.08878 0.15339285714285714
16 0.19358 0.5383333333333333 0.14352 0.16955357142857141
16 0.3768 0.1387202380952381 0.10258 0.11595238095238096
16 0.52132 0.1530357142857143 0.14402 0.11964285714285715
16 0.5654600000000001 0.250625 0.06856 0.08880952380952381
16 0.5139199999999999 0.32514880952380953 0.10456 0.15854166666666666
16 0.6821 0.45907738095238093 0.0868 0.12404761904761905
16 0.65892 0.32 0.05228 0.09833333333333333
16 0.76028 0.27303571428571427 0.06559999999999999 0.08660714285714285
16 0.8922 0.4139285714285715 0.11542 0.18642857142857144
16 0.93452 0.5599999999999999 0.13097999999999999 0.15413690476190475
16 0.86114 0.9361309523809525 0.06018 0.06824404761904762
16 0.70528 0.12220238095238097 0.19826 0.18714285714285714
16 0.06952 0.39175595238095234 0.13472 0.16220238095238096
16 0.07465999999999999 0.2517261904761905 0.09976 0.10866071428571428
16 0.22532 0.10559523809523809 0.05758 0.08264880952380953
16 0.10448 0.8661607142857142 0.0833 0.08568452380952381