52 0.5865102639296188 0.29890560875512995 0.5591397849462365 0.5978112175102599
44 0.5728250244379277 0.6354309165526676 0.8132942326490714 0.7017783857729138
25 0.34017595307917886 0.4829001367989056 0.05474095796676442 0.07934336525307797
25 0.3817204301075269 0.42270861833105333 0.04985337243401759 0.06566347469220246
25 0.5899315738025416 0.6874145006839946 0.05180840664711633 0.07797537619699042
25 0.6715542521994134 0.655266757865937 0.05865102639296188 0.07387140902872777
25 0.6412512218963832 0.7305061559507524 0.05278592375366569 0.07387140902872777
25 0.7360703812316716 0.6990424076607387 0.05083088954056696 0.07387140902872777
25 0.7634408602150538 0.7544459644322845 0.05474095796676442 0.07250341997264022
25 0.8206256109481916 0.8064295485636115 0.047898338220918865 0.09439124487004104
25 0.8998044965786901 0.4719562243502052 0.042033235581622676 0.057455540355677154
25 0.916911045943304 0.4384404924760602 0.039100684261974585 0.047879616963064295
25 0.5342130987292277 0.9288645690834473 0.0635386119257087 0.07660738714090287
25 0.3592375366568915 0.7824897400820794 0.059628543499511244 0.07387140902872777
25 0.22482893450635386 0.719562243502052 0.05474095796676442 0.07934336525307797
25 0.25757575757575757 0.5492476060191519 0.042033235581622676 0.06976744186046512
12 0.44379276637341153 0.6258549931600548 0.09579667644183773 0.11901504787961696
12 0.4496578690127077 0.7346101231190151 0.09579667644183773 0.08207934336525308
12 0.4995112414467253 0.8461012311901505 0.08993157380254155 0.1326949384404925
12 0.7913000977517106 0.5177838577291382 0.042033235581622676 0.058823529411764705
12 0.1656891495601173 0.5711354309165527 0.08308895405669599 0.11080711354309165
25 0.33822091886608013 0.6497948016415869 0.039100684261974585 0.06566347469220246
25 0.2565982404692082 0.32489740082079344 0.030303030303030304 0.036935704514363885
25 0.31867057673509286 0.2770177838577291 0.033235581622678395 0.0533515731874145
12 0.22189638318670576 0.4582763337893297 0.05278592375366569 0.046511627906976744