44 0.5144 0.7409199999999999 0.7462799999999999 0.39652
12 0.36757999999999996 0.80326 0.054759999999999996 0.047240000000000004
12 0.5589 0.8302999999999999 0.04586 0.0575
12 0.75294 0.72214 0.03696 0.03012
12 0.69784 0.70504 0.0349 0.03286
12 0.78136 0.5797599999999999 0.0308 0.023280000000000002
16 0.6465 0.56574 0.047240000000000004 0.02532
16 0.6530199999999999 0.64548 0.028739999999999998 0.028739999999999998
16 0.46888 0.88814 0.0575 0.0349
16 0.6088600000000001 0.8669199999999999 0.05956 0.0349
16 0.49933999999999995 0.84776 0.03628 0.04176
16 0.13348 0.6913400000000001 0.05066 0.0356
13 0.24586000000000002 0.401 0.40738 0.24142
1 0.67396 0.32230000000000003 0.40342 0.24306
5 0.64398 0.45268 0.39018 0.21086000000000002
14 0.72004 0.45677999999999996 0.20392 0.17614
14 0.54928 0.47193999999999997 0.13258 0.06881999999999999