44 0.48876953125 0.484375 0.9111328125 0.6927083333333334
38 0.427783203125 0.18410156249999998 0.42599609375 0.34726562499999997
38 0.722841796875 0.325390625 0.129873046875 0.2778125
38 0.564072265625 0.4105338541666667 0.0478125 0.09799479166666668
38 0.80525390625 0.7073828125 0.057802734375 0.09989583333333334
38 0.38318359375 0.5128125 0.0399609375 0.06470052083333333
38 0.398525390625 0.7440104166666667 0.060654296875 0.11416666666666668
38 0.494140625 0.72640625 0.090625 0.08657552083333332
38 0.367841796875 0.6383984375 0.08919921875 0.07611979166666667
38 0.085986328125 0.5118619791666666 0.04923828125 0.05708333333333334
38 0.17197265625 0.3482161458333333 0.055654296875 0.05328125
38 0.112744140625 0.5993880208333333 0.075634765625 0.0932421875
38 0.9265625 0.47333333333333333 0.04923828125 0.0770703125
38 0.881611328125 0.3762890625 0.042099609375 0.08657552083333332
38 0.8091796875 0.3168229166666667 0.04138671875 0.05328125
38 0.650771484375 0.2216796875 0.0613671875 0.11416666666666668