32 0.460107421875 0.49279513888888893 0.6963671875 0.45673611111111106
6 0.17390625 0.4680902777777778 0.05333984375 0.07878472222222223
6 0.1934375 0.5335243055555555 0.062353515625 0.057430555555555554
6 0.13333984375 0.5642361111111112 0.038310546875 0.07612847222222223
6 0.668193359375 0.3218402777777778 0.056337890625 0.06944444444444445
25 0.67345703125 0.6076388888888888 0.041318359375 0.05876736111111111
25 0.362080078125 0.4206770833333333 0.025537109375 0.05074652777777778
25 0.284326171875 0.6750868055555556 0.036806640625 0.04940972222222222
25 0.358701171875 0.6984548611111111 0.02779296875 0.042743055555555555
25 0.472509765625 0.6997916666666666 0.033056640625 0.04807291666666667
25 0.43908203125 0.7057986111111112 0.035302734375 0.041406250000000006
25 0.803408203125 0.5381944444444444 0.03380859375 0.04807291666666667
25 0.751953125 0.4861111111111111 0.03755859375 0.053420138888888885