1 0.623369140625 0.29621230398069964 0.18337890625 0.27610373944511457
1 0.1801171875 0.36389626055488544 0.149736328125 0.3658986731001206
1 0.419375 0.28414957780458383 0.194228515625 0.251978287092883
1 0.7915625 0.2955367913148372 0.2484765625 0.23454764776839565
38 0.370009765625 0.5910735826296744 0.13671875 0.091145958986731
38 0.618486328125 0.6098431845597105 0.091142578125 0.08845597104945717
38 0.711806640625 0.5830277442702051 0.0737890625 0.10990349819059107
38 0.882705078125 0.5602412545235224 0.10525390625 0.05897466827503016
38 0.071611328125 0.2754282267792521 0.08029296875 0.10856453558504221
38 0.08029296875 0.4248733413751508 0.147568359375 0.16352231604342582
38 0.379775390625 0.4583835946924005 0.084638671875 0.05897466827503016
38 0.67599609375 0.5247285886610374 0.0737890625 0.1058866103739445
38 0.933701171875 0.4644149577804584 0.0444921875 0.05226779252110977