31 0.251485826001955 0.2809985315712188 0.2470478983382209 0.24162995594713657
15 0.7082600195503421 0.6862261380323055 0.5083088954056696 0.6275477239353892
28 0.5074193548387097 0.8403377386196769 0.1706256109481916 0.26298091042584437
28 0.6602639296187683 0.9004845814977974 0.14573802541544478 0.19904552129221734
9 0.22304985337243402 0.45654919236417035 0.08175953079178885 0.15484581497797356
9 0.051094819159335295 0.34240822320117476 0.08619745845552299 0.09211453744493392
9 0.3176930596285435 0.4692364170337739 0.08797653958944282 0.10011747430249635
9 0.37901270772238516 0.4111600587371512 0.06131964809384164 0.1281497797356828
9 0.41411534701857283 0.39513950073421433 0.051544477028347996 0.10679882525697504
9 0.2626001955034213 0.5353157121879589 0.08619745845552299 0.10947136563876651
24 0.46210166177908113 0.3497503671071953 0.17595307917888564 0.11747430249632893
24 0.11819159335288368 0.48324522760646105 0.23460410557184752 0.2776651982378855
24 0.3208015640273705 0.40381791483113066 0.08886608015640274 0.08409691629955948
24 0.08975562072336266 0.2509691629955947 0.1030791788856305 0.09345080763582966