35 0.484091796875 0.496650390625 0.245537109375 0.145087890625
0 0.87318359375 0.55943359375 0.253623046875 0.34876953125
51 0.8125 0.86341796875 0.375 0.273154296875
0 0.27623046875 0.596396484375 0.23158203125 0.230185546875
29 0.418525390625 0.69056640625 0.200888671875 0.323662109375
9 0.761025390625 0.31041015625 0.42271484375 0.308310546875
51 0.664755859375 0.462470703125 0.24134765625 0.31947265625
51 0.506416015625 0.91099609375 0.10044921875 0.089287109375
51 0.385048828125 0.879599609375 0.089287109375 0.068359375
51 0.21763671875 0.963173828125 0.106025390625 0.073662109375
51 0.1171875 0.657783203125 0.086494140625 0.076728515625
51 0.12974609375 0.225302734375 0.19251953125 0.205078125
29 0.384345703125 0.93666015625 0.69056640625 0.126669921875
35 0.23716796875 0.775673828125 0.209267578125 0.228798828125
35 0.06626953125 0.83705078125 0.132529296875 0.234375
38 0.069755859375 0.652900390625 0.13671875 0.259482421875
19 0.140205078125 0.445029296875 0.28041015625 0.262275390625
11 0.053017578125 0.23228515625 0.106025390625 0.235771484375
38 0.390625 0.28041015625 0.343193359375 0.29017578125