29 0.800341796875 0.7175917767988252 0.293857421875 0.5648164464023495
1 0.643203125 0.8209838472834068 0.12517578125 0.15751835535976505
1 0.615673828125 0.5539941262848752 0.0719140625 0.2055800293685756
1 0.659619140625 0.6754772393538914 0.124287109375 0.13616740088105728
1 0.5384375 0.5773568281938326 0.10919921875 0.17754772393538912
51 0.459423828125 0.47055800293685757 0.096767578125 0.14283406754772393
51 0.4430078125 0.13682819383259912 0.149150390625 0.2015712187958884
51 0.049267578125 0.5900440528634361 0.077236328125 0.11480176211453745
51 0.069248046875 0.7035095447870778 0.087001953125 0.1281497797356828
51 0.059482421875 0.46522760646108663 0.07634765625 0.12148311306901616
51 0.102978515625 0.3611013215859031 0.078125 0.10546255506607928
51 0.170458984375 0.30569750367107196 0.0745703125 0.11480176211453745
51 0.20640625 0.21826725403817912 0.068359375 0.09211453744493392
51 0.240146484375 0.14684287812041116 0.048828125 0.08010279001468429
51 0.266337890625 0.07609397944199707 0.05681640625 0.08010279001468429
51 0.303173828125 0.03002936857562408 0.057705078125 0.0600734214390602
29 0.1233984375 0.18088105726872247 0.243251953125 0.36176211453744495
38 0.580615234375 0.15819383259911896 0.1917578125 0.2870044052863436
23 0.287646484375 0.6774743024963289 0.229052734375 0.28434654919236413
0 0.20330078125 0.5212922173274597 0.0745703125 0.11079295154185022
0 0.256572265625 0.44186490455212923 0.078125 0.11480176211453745
0 0.310283203125 0.5106167400881058 0.0843359375 0.13215859030837004
0 0.3284765625 0.3964757709251101 0.0816796875 0.1228193832599119
0 0.388408203125 0.5339794419970632 0.079013671875 0.1228193832599119
12 0.4052734375 0.27099853157121884 0.160693359375 0.11212922173274596
12 0.42125 0.3958149779735683 0.1109765625 0.14283406754772393
29 0.754619140625 0.3417474302496329 0.33380859375 0.2803377386196769