0 0.13391999999999998 0.11294294294294294 0.26782 0.22327327327327326
0 0.32392000000000004 0.2474174174174174 0.32956 0.25720720720720724
0 0.34218 0.06135135135135135 0.14696 0.11489489489489489
0 0.52434 0.10771771771771771 0.25914 0.19714714714714715
0 0.7152200000000001 0.06396396396396396 0.22522 0.12795795795795795
0 0.9278200000000001 0.050930930930930936 0.14434 0.10183183183183182
0 0.9047799999999999 0.13840840840840843 0.19044 0.16189189189189188
0 0.76434 0.2448048048048048 0.35652 0.23372372372372371
0 0.5743400000000001 0.4843843843843844 0.44956 0.41258258258258257
0 0.89 0.7643843843843844 0.22 0.4712012012012012
0 0.14392 0.5464264264264265 0.28782 0.4191291291291291
0 0.31044 0.8362162162162161 0.62086 0.3275975975975976
0 0.04 0.2865765765765766 0.08 0.204984984984985
0 0.21956 0.02741741741741742 0.08956 0.052222222222222225