1 0.3525390625 0.5247395833333334 0.154296875 0.3776041666666667
44 0.41357421875 0.19921875 0.3330078125 0.2916666666666667
38 0.35009765625 0.13736979166666666 0.1259765625 0.18098958333333334
29 0.55419921875 0.63671875 0.4541015625 0.3515625
13 0.609375 0.498046875 0.07421875 0.07161458333333333
13 0.7001953125 0.5338541666666666 0.080078125 0.07552083333333333
13 0.80712890625 0.3736979166666667 0.0693359375 0.08072916666666667
13 0.75 0.2513020833333333 0.08203125 0.0703125
13 0.6650390625 0.220703125 0.05859375 0.061197916666666664
13 0.6611328125 0.16796875 0.05078125 0.0390625
13 0.613828125 0.26859375 0.058564453125 0.11207031249999999
13 0.531943359375 0.3282421875 0.04771484375 0.070859375
13 0.754267578125 0.36041666666666666 0.052060546875 0.06579427083333333
13 0.761591796875 0.31450520833333334 0.058017578125 0.036145833333333335
13 0.706005859375 0.27402343749999997 0.037958984375 0.05494791666666667