51 0.09765625 0.543125 0.1359375 0.22375
51 0.494140625 0.753125 0.13359375 0.20125
14 0.184375 0.204375 0.2265625 0.40875
14 0.30234375 0.565625 0.403125 0.74125
14 0.063671875 0.803125 0.12734375 0.39375
14 0.58046875 0.694375 0.103125 0.18625
14 0.6546875 0.649375 0.1171875 0.20625
14 0.548828125 0.499375 0.12265625 0.22125
14 0.63671875 0.430625 0.10625 0.25375
14 0.5125 0.243125 0.2671875 0.33125
14 0.778125 0.17625 0.2703125 0.3525
14 0.8546875 0.666875 0.290625 0.45875
14 0.1875 0.291875 0.375 0.52625
14 0.544921875 0.09875 0.44609375 0.1975