1 0.49534 0.476 0.26266 0.15466
1 0.76 0.46066 0.32266 0.148
2 0.83362 0.5895199999999999 0.25724 0.12758
1 0.41314 0.8189 0.20786000000000002 0.16716
1 0.63702 0.8323200000000001 0.24164 0.13858
2 0.35208 0.84792 0.16196000000000002 0.18882
29 0.22952 0.731 0.1559 0.28062
29 0.34602 0.49282 0.0615 0.097
29 0.9347799999999999 0.44474 0.13041999999999998 0.13078
51 0.7219 0.18752000000000002 0.23644 0.2503
28 0.11259999999999999 0.62014 0.22518000000000002 0.23212
17 0.41318 0.17859999999999998 0.2304 0.1963