1 0.2841796875 0.603515625 0.2578125 0.58203125
29 0.576171875 0.734375 0.697265625 0.53125
44 0.39306640625 0.17578125 0.4521484375 0.3515625
38 0.2861328125 0.09375 0.162109375 0.1875
38 0.482421875 0.068359375 0.033203125 0.053385416666666664
38 0.529296875 0.07161458333333333 0.03125 0.046875
13 0.54833984375 0.2975260416666667 0.0712890625 0.09765625
13 0.66796875 0.5397135416666666 0.107421875 0.11067708333333333
13 0.80078125 0.5970052083333334 0.11328125 0.12369791666666667
13 0.86962890625 0.3522135416666667 0.0791015625 0.12369791666666667
13 0.94677734375 0.3509114583333333 0.0966796875 0.11328125
13 0.74462890625 0.15104166666666666 0.0908203125 0.0859375
13 0.85595703125 0.177734375 0.1220703125 0.09244791666666667
13 0.7275390625 0.08463541666666667 0.068359375 0.052083333333333336
13 0.662109375 0.09244791666666667 0.07421875 0.06770833333333333