4 0.400390625 0.36776798825256973 0.189990234375 0.25230543318649046
4 0.5894921875 0.371776798825257 0.2112890625 0.2763289280469897
4 0.839130859375 0.32772393538913364 0.321728515625 0.31371512481644637
4 0.872421875 0.5539941262848752 0.255146484375 0.42450807635829657
4 0.615673828125 0.6294273127753304 0.178447265625 0.28434654919236413
4 0.420361328125 0.6093979441997063 0.2086328125 0.29769456681350953
4 0.54376953125 0.855022026431718 0.1819921875 0.2816740088105727
4 0.67205078125 0.8416740088105726 0.05859375 0.18022026431718063
4 0.79234375 0.8423494860499265 0.05060546875 0.11747430249632893
4 0.144267578125 0.7769309838472834 0.2867578125 0.2563142437591777
4 0.321376953125 0.8209838472834068 0.083447265625 0.2002349486049927
4 0.42791015625 0.8329955947136564 0.0390625 0.1842143906020558
4 0.157138671875 0.5106167400881058 0.31427734375 0.35108663729809103