15 0.453125 0.4811197916666667 0.388671875 0.66015625
15 0.23681640625 0.5299479166666666 0.1865234375 0.4088541666666667
8 0.212890625 0.6087239583333334 0.240234375 0.5013020833333334
8 0.67724609375 0.19401041666666666 0.5166015625 0.3880208333333333
17 0.73486328125 0.552734375 0.1904296875 0.15234375
17 0.89208984375 0.533203125 0.1162109375 0.19661458333333334
17 0.64306640625 0.7096354166666666 0.1201171875 0.13541666666666666
17 0.6767578125 0.8294270833333334 0.091796875 0.12239583333333333
29 0.55810546875 0.654296875 0.2080078125 0.18359375
29 0.2080078125 0.6868489583333334 0.123046875 0.15755208333333334
12 0.578125 0.8209635416666666 0.138671875 0.15755208333333334
12 0.79150390625 0.888671875 0.1591796875 0.20963541666666666
12 0.88818359375 0.79296875 0.1064453125 0.14583333333333334
12 0.923828125 0.6927083333333334 0.134765625 0.1796875
9 0.7568359375 0.7252604166666666 0.14453125 0.21875