0 0.40376953125 0.13555555555555554 0.056337890625 0.1028298611111111
0 0.440576171875 0.17828125 0.042822265625 0.08680555555555555
0 0.557392578125 0.11151041666666667 0.052587890625 0.08947916666666667
0 0.61486328125 0.3926215277777778 0.041318359375 0.08546875
0 0.62837890625 0.5682465277777777 0.05333984375 0.08947916666666667
0 0.5791796875 0.5595659722222223 0.0420703125 0.08012152777777777
0 0.380107421875 0.5482118055555555 0.0390625 0.08947916666666667
0 0.423681640625 0.5648958333333334 0.048076171875 0.08814236111111112
0 0.34630859375 0.03739583333333333 0.0616015625 0.07211805555555556
0 0.1690234375 0.3866145833333333 0.03455078125 0.057430555555555554
0 0.14986328125 0.5422048611111111 0.018779296875 0.029375000000000002