1 0.41541015625 0.33453125 0.05859375 0.17494791666666665
1 0.376728515625 0.29046875 0.042822265625 0.15090277777777777
1 0.499921875 0.3004861111111111 0.05333984375 0.15491319444444446
1 0.587060546875 0.13621527777777775 0.05333984375 0.1949826388888889
1 0.77111328125 0.0661111111111111 0.048828125 0.12954861111111113
1 0.76208984375 0.6944444444444444 0.05333984375 0.16026041666666668
1 0.866884765625 0.7378472222222222 0.051083984375 0.1242013888888889
1 0.91759765625 0.8820833333333333 0.056337890625 0.1909722222222222
1 0.27193359375 0.5415277777777778 0.0390625 0.1028298611111111
1 0.3057421875 0.5194965277777778 0.033056640625 0.08814236111111112
1 0.251279296875 0.46541666666666665 0.0262890625 0.05475694444444444
1 0.06197265625 0.8166319444444444 0.036806640625 0.1028298611111111
1 0.018408203125 0.7792534722222223 0.036806640625 0.1348784722222222
1 0.3680859375 0.88875 0.05408203125 0.05475694444444444
1 0.525087890625 0.78859375 0.031552734375 0.04673611111111112