1 0.451884765625 0.6475402635431918 0.15802734375 0.2781844802342606
1 0.558857421875 0.8959736456808199 0.197978515625 0.2080380673499268
36 0.199755859375 0.5996339677891654 0.126064453125 0.19566617862371888
36 0.253466796875 0.8106002928257686 0.098544921875 0.15705710102489018
28 0.551318359375 0.08718887262079063 0.1207421875 0.17436310395314789
0 0.524677734375 0.3294289897510981 0.088779296875 0.0945095168374817
0 0.602802734375 0.2841727672035139 0.09765625 0.11313323572474378
0 0.58416015625 0.41661786237188875 0.087001953125 0.09849194729136164
0 0.586826171875 0.5510395314787702 0.085224609375 0.10382137628111274
48 0.118515625 0.3181112737920937 0.237041015625 0.6362371888726208
29 0.8258203125 0.13710102489019033 0.348369140625 0.2741874084919473
29 0.837353515625 0.5177745241581259 0.325283203125 0.7054465592972181