20 0.281572265625 0.38461538461538464 0.096025390625 0.1439089481946625
20 0.37556640625 0.5082417582417582 0.088701171875 0.18183673469387754
20 0.511474609375 0.6292464678178964 0.113115234375 0.17530612244897958
20 0.723466796875 0.3270486656200942 0.099287109375 0.13081632653061223
20 0.597333984375 0.20670329670329668 0.094404296875 0.09941915227629514
20 0.482587890625 0.12492935635792779 0.09765625 0.08764521193092621
45 0.3194140625 0.6586813186813186 0.064287109375 0.14783359497645213
45 0.354814453125 0.7188697017268446 0.056962890625 0.11643642072213502
45 0.4121875 0.7607221350078492 0.067548828125 0.15306122448979592
45 0.462646484375 0.8058555729984302 0.057783203125 0.15960753532182104
45 0.5253125 0.8562323390894819 0.078935546875 0.12951334379905807
19 0.274892578125 0.5956671899529042 0.038486328125 0.08660910518053376
19 0.64103515625 0.652668759811617 0.053876953125 0.10516483516483516
19 0.756767578125 0.6102511773940346 0.050029296875 0.08748822605965463
19 0.716357421875 0.7556357927786499 0.043984375 0.09544740973312402
19 0.587431640625 0.45470957613814755 0.087412109375 0.13698587127158557
19 0.68474609375 0.5033124018838305 0.023642578125 0.060973312401883834
19 0.793603515625 0.3641130298273155 0.035732421875 0.05125588697017268
19 0.363125 0.3623547880690738 0.04123046875 0.12902668759811617
19 0.26609375 0.48254317111459966 0.042880859375 0.07070643642072214
19 0.296328125 0.49006279434850863 0.039580078125 0.08219780219780219
47 0.304853515625 0.22846153846153847 0.03244140625 0.045070643642072215
47 0.38896484375 0.22315541601255887 0.042333984375 0.043312401883830454
47 0.41755859375 0.24392464678178963 0.04453125 0.0530298273155416
47 0.478857421875 0.19045525902668758 0.041787109375 0.05921507064364207
47 0.569013671875 0.25717425431711144 0.039580078125 0.05833594976452119
47 0.43240234375 0.34555729984301414 0.043427734375 0.05833594976452119
47 0.474453125 0.3013657770800628 0.041787109375 0.05833594976452119
47 0.5187109375 0.340690737833595 0.035732421875 0.04684458398744113
47 0.55912109375 0.3340659340659341 0.043984375 0.05656200941915228
47 0.58111328125 0.37251177394034535 0.042880859375 0.05921507064364207
51 0.4225 0.11843014128728414 0.031337890625 0.038885400313971745
51 0.460712890625 0.1440502354788069 0.046181640625 0.03711145996860283
51 0.509091796875 0.1533437990580848 0.039580078125 0.04684458398744113
51 0.542080078125 0.16527472527472528 0.0230859375 0.030047095761381478
51 0.54015625 0.19001569858712716 0.04013671875 0.04772370486656201
51 0.5778125 0.22183673469387755 0.05498046875 0.05125588697017268
51 0.653408203125 0.2828100470957614 0.04453125 0.04772370486656201
51 0.66193359375 0.26116169544740975 0.03298828125 0.03800627943485087
51 0.723505859375 0.37384615384615383 0.038486328125 0.06362637362637363
51 0.763359375 0.42023547880690737 0.04453125 0.07511773940345369
51 0.575888671875 0.5859497645211931 0.06212890625 0.09897959183673469
51 0.578642578125 0.6968602825745682 0.0522265625 0.10163265306122449
51 0.431572265625 0.5956671899529042 0.04068359375 0.09897959183673469
51 0.44751953125 0.5174568288854003 0.045078125 0.0768916797488226
51 0.49671875 0.5055259026687597 0.04783203125 0.0795447409733124
51 0.423603515625 0.43350078492935634 0.04013671875 0.08219780219780219
51 0.386220703125 0.407425431711146 0.04013671875 0.05833594976452119
51 0.328486328125 0.42244897959183675 0.04013671875 0.08307692307692308
51 0.32189453125 0.30711145996860284 0.046728515625 0.08926216640502355
51 0.283681640625 0.28149136577708006 0.042880859375 0.06627943485086342
51 0.24052734375 0.3543956043956044 0.03353515625 0.0742386185243328
1 0.493974609375 0.3239089481946625 0.42607421875 0.39505494505494504
47 0.369169921875 0.17365777080062794 0.0368359375 0.04860282574568289