52 0.500673828125 0.22685546875 0.077373046875 0.05708984375
52 0.162255859375 0.208828125 0.08263671875 0.06310546875
52 0.83984375 0.26216796875 0.07962890625 0.07361328125
52 0.772236328125 0.4191796875 0.17126953125 0.13822265625
52 0.933740234375 0.3996484375 0.127705078125 0.13521484375
52 0.8270703125 0.785 0.0811328125 0.064609375
52 0.76021484375 0.94697265625 0.15775390625 0.10607421875
52 0.920595703125 0.9387109375 0.1299609375 0.12259765625
52 0.49767578125 0.78349609375 0.08939453125 0.064609375
52 0.5840625 0.939453125 0.1299609375 0.12109375
52 0.424052734375 0.943203125 0.160009765625 0.11357421875
52 0.0946484375 0.93720703125 0.169775390625 0.12560546875
52 0.256533203125 0.92171875 0.132958984375 0.1457421875
52 0.256533203125 0.35681640625 0.1299609375 0.142734375
52 0.095400390625 0.40263671875 0.1787890625 0.16826171875
52 0.43494140625 0.4094140625 0.1727734375 0.15173828125
52 0.59533203125 0.37861328125 0.132958984375 0.13822265625