32 0.536025390625 0.5151847290640393 0.68576171875 0.6691256157635469
6 0.61306640625 0.4953448275862069 0.13455078125 0.11220443349753695
6 0.51974609375 0.5829187192118226 0.069443359375 0.13136699507389163
6 0.58865234375 0.6075492610837439 0.0531640625 0.09305418719211823
6 0.633681640625 0.6930788177339902 0.0629296875 0.08620689655172414
6 0.8056640625 0.6923891625615763 0.08572265625 0.10673645320197045
6 0.423720703125 0.47413793103448276 0.094404296875 0.042413793103448276
6 0.621201171875 0.3667241379310344 0.166015625 0.09578817733990148
6 0.572919921875 0.3981896551724138 0.086806640625 0.07935960591133005
6 0.3070703125 0.5706034482758621 0.0933203125 0.06294334975369457
6 0.399306640625 0.5500862068965517 0.05642578125 0.09578817733990148
6 0.42697265625 0.4132512315270936 0.048828125 0.06020935960591133
6 0.4638671875 0.3845073891625616 0.087890625 0.06567733990147782
6 0.506181640625 0.44608374384236454 0.0726953125 0.09305418719211823
6 0.4546484375 0.3373029556650246 0.067275390625 0.039679802955665026
6 0.53439453125 0.2832512315270936 0.07052734375 0.04379310344827587