51 0.12548828125 0.5 0.0927734375 0.15364583333333334
51 0.20654296875 0.5091145833333334 0.0869140625 0.13802083333333334
51 0.17236328125 0.3639322916666667 0.1318359375 0.15755208333333334
51 0.287109375 0.4309895833333333 0.109375 0.16666666666666666
51 0.302734375 0.2903645833333333 0.11328125 0.11458333333333333
51 0.1923828125 0.23372395833333334 0.103515625 0.10546875
51 0.41748046875 0.12239583333333333 0.1337890625 0.1484375
51 0.4921875 0.15559895833333334 0.08203125 0.13411458333333334
51 0.30419921875 0.09049479166666667 0.0947265625 0.07682291666666667
51 0.4189453125 0.03125 0.107421875 0.0625
51 0.5 0.050130208333333336 0.0546875 0.09505208333333333
51 0.60107421875 0.018229166666666668 0.1025390625 0.036458333333333336
51 0.71337890625 0.03125 0.1201171875 0.059895833333333336
51 0.7763671875 0.09895833333333333 0.103515625 0.11458333333333333
51 0.79296875 0.17903645833333334 0.11328125 0.12630208333333334
51 0.89697265625 0.22005208333333334 0.1083984375 0.17708333333333334
51 0.86376953125 0.3776041666666667 0.1240234375 0.203125
51 0.8203125 0.490234375 0.126953125 0.19401041666666666
51 0.9462890625 0.62890625 0.107421875 0.2109375
51 0.8359375 0.6888020833333334 0.119140625 0.12239583333333333
51 0.62158203125 0.5091145833333334 0.1083984375 0.1328125
51 0.7236328125 0.599609375 0.11328125 0.18359375
51 0.70263671875 0.7532552083333334 0.1396484375 0.13932291666666666
51 0.5810546875 0.8639322916666666 0.13671875 0.16796875
51 0.56005859375 0.9537760416666666 0.1220703125 0.09244791666666667
51 0.37060546875 0.900390625 0.1318359375 0.19661458333333334
51 0.22802734375 0.9029947916666666 0.1416015625 0.19401041666666666
51 0.23046875 0.658203125 0.08984375 0.15755208333333334
51 0.31298828125 0.5970052083333334 0.1064453125 0.16276041666666666
51 0.45166015625 0.314453125 0.0927734375 0.11328125
51 0.548828125 0.3229166666666667 0.12109375 0.1484375
51 0.630859375 0.2643229166666667 0.125 0.12760416666666666
51 0.73486328125 0.44140625 0.0673828125 0.11458333333333333
51 0.5283203125 0.4928385416666667 0.078125 0.14713541666666666
35 0.65087890625 0.60546875 0.1357421875 0.0703125
35 0.4609375 0.24544270833333334 0.134765625 0.048177083333333336
35 0.265625 0.4270833333333333 0.0703125 0.06770833333333333
35 0.5546875 0.4075520833333333 0.076171875 0.1015625
1 0.12646484375 0.6100260416666666 0.1123046875 0.12369791666666667
1 0.1455078125 0.69140625 0.08984375 0.11458333333333333
1 0.14990234375 0.8177083333333334 0.0888671875 0.14322916666666666
1 0.3173828125 0.73046875 0.099609375 0.15364583333333334
1 0.400390625 0.7350260416666666 0.07421875 0.12630208333333334
1 0.484375 0.875 0.07421875 0.1015625
1 0.7041015625 0.8743489583333334 0.091796875 0.11328125
1 0.7763671875 0.8723958333333334 0.056640625 0.15364583333333334
1 0.81689453125 0.8190104166666666 0.0751953125 0.12239583333333333
1 0.68359375 0.97265625 0.11328125 0.0546875
1 0.4853515625 0.5690104166666666 0.115234375 0.1328125
1 0.4443359375 0.447265625 0.10546875 0.19661458333333334
1 0.330078125 0.3528645833333333 0.12890625 0.15104166666666666
1 0.3779296875 0.4817708333333333 0.064453125 0.109375
1 0.41162109375 0.609375 0.0830078125 0.11979166666666667
1 0.662109375 0.392578125 0.095703125 0.10807291666666667
1 0.703125 0.3111979166666667 0.09375 0.1171875
1 0.77734375 0.3430989583333333 0.068359375 0.14192708333333334
1 0.63818359375 0.1640625 0.1044921875 0.08072916666666667
1 0.603515625 0.07747395833333333 0.12109375 0.10026041666666667
1 0.5546875 0.15755208333333334 0.041015625 0.07291666666666667
1 0.52783203125 0.232421875 0.0732421875 0.08203125
1 0.14794921875 0.16731770833333334 0.0830078125 0.11588541666666667
1 0.24462890625 0.051432291666666664 0.0927734375 0.08723958333333333
1 0.33447265625 0.16927083333333334 0.0693359375 0.11197916666666667
1 0.265625 0.17903645833333334 0.072265625 0.11848958333333333
1 0.71533203125 0.22330729166666666 0.0498046875 0.07682291666666667
1 0.08349609375 0.41015625 0.0615234375 0.09114583333333333
35 0.66357421875 0.1640625 0.0634765625 0.06770833333333333