44 0.151806640625 0.5638200589970501 0.168681640625 0.3151032448377581
47 0.404384765625 0.2963274336283186 0.185546875 0.217212389380531
47 0.40171875 0.820457227138643 0.215732421875 0.359070796460177
47 0.556201171875 0.7307522123893805 0.16779296875 0.32985250737463123
47 0.775478515625 0.7696460176991151 0.176669921875 0.3217994100294985
47 0.607685546875 0.5323156342182891 0.174892578125 0.13140117994100295
47 0.49982421875 0.549070796460177 0.0745703125 0.12202064896755163
9 0.8349609375 0.3425811209439528 0.215732421875 0.3553244837758112
9 0.33380859375 0.5256047197640118 0.1598046875 0.22794985250737465
9 0.44255859375 0.4123156342182891 0.094990234375 0.3338643067846608
35 0.679150390625 0.23264011799410028 0.102978515625 0.12737463126843657
12 0.91796875 0.7099705014749262 0.13494140625 0.40895280235988196
12 0.6019140625 0.4143215339233039 0.2503515625 0.15286135693215339
12 0.715107421875 0.5524336283185841 0.061259765625 0.2896165191740413
12 0.277880859375 0.7106489675516224 0.127841796875 0.1823598820058997
47 0.2112890625 0.1937463126843658 0.143818359375 0.1863716814159292
12 0.37109375 0.11128318584070797 0.05681640625 0.14749262536873156
47 0.5078125 0.15955752212389382 0.108310546875 0.19308259587020649