1 0.47720430107526884 0.6374302496328927 0.12974584555229715 0.15352422907488986
1 0.18439882697947213 0.269662261380323 0.0915347018572825 0.213582966226138
1 0.8206744868035191 0.845007342143906 0.06486803519061583 0.10679882525697504
12 0.0870869990224829 0.2996916299559471 0.10841642228739003 0.19356828193832598
12 0.48964809384164226 0.5473274596182085 0.05687194525904203 0.08276064610866372
12 0.4447702834799609 0.6627900146842879 0.08797653958944282 0.1027900146842878
12 0.8028934506353861 0.7802643171806167 0.08619745845552299 0.07609397944199707
12 0.6402737047898338 0.03604992657856094 0.0755327468230694 0.07208516886930984
17 0.9318866080156403 0.356431718061674 0.13622678396871946 0.42183553597650514
17 0.5216422287390029 0.5613362701908957 0.2808113391984359 0.3991483113069016
17 0.7033724340175953 0.13616740088105728 0.246158357771261 0.27232011747430246
17 0.13996089931573802 0.2322760646108664 0.274594330400782 0.4538766519823788
17 0.028885630498533724 0.6774743024963289 0.057761485826001956 0.36977973568281935
17 0.30259042033235584 0.8971365638766521 0.23371456500488758 0.205712187958884
17 0.8300000000000001 0.7876798825256974 0.3305767350928641 0.424640234948605
47 0.8802052785923754 0.9150954478707782 0.07375366568914957 0.14283406754772393
47 0.6940371456500489 0.1228193832599119 0.08530791788856304 0.13883994126284874
47 0.5668621700879766 0.5844640234948605 0.08658846529814272 0.17863436123348017
47 0.09900293255131964 0.13527165932452276 0.1460410557184751 0.15088105726872247