46 0.467421875 0.6989364844903988 0.114521484375 0.34778434268833086
46 0.580615234375 0.6062776957163959 0.124287109375 0.29945347119645493
46 0.672939453125 0.5357902511078286 0.142041015625 0.24171344165435743
46 0.199306640625 0.4115805022156573 0.135830078125 0.19740029542097487
46 0.3040625 0.36524372230428365 0.077236328125 0.19336779911373708
46 0.419482421875 0.2725997045790251 0.155361328125 0.12354505169867061
46 0.506484375 0.30549483013293943 0.054150390625 0.15710487444608567
46 0.604140625 0.337725258493353 0.1695703125 0.12488921713441654
46 0.660068359375 0.36524372230428365 0.114521484375 0.12621861152141803
46 0.73109375 0.38338257016248156 0.102099609375 0.15710487444608567
46 0.803447265625 0.35316100443131465 0.065693359375 0.1584490398818316