17 0.21549364613880742 0.5232892804698972 0.22304985337243402 0.3203817914831131
17 0.5318572825024438 0.5199559471365638 0.1910557184750733 0.3217180616740088
17 0.8188954056695993 0.5506607929515418 0.22304985337243402 0.31904552129221736
38 0.8144477028347996 0.6754772393538914 0.14306940371456503 0.2536417033773862
38 0.4061094819159335 0.6254185022026432 0.13863147605083087 0.18555066079295154
38 0.14973607038123168 0.555330396475771 0.09864125122189638 0.13883994126284874
12 0.5149755620723363 0.6127312775330396 0.10574780058651027 0.0881057268722467
12 0.19683284457478006 0.6320851688693099 0.0595405669599218 0.05205580029368576
1 0.48742913000977517 0.4385315712187959 0.07909090909090909 0.13750367107195302
1 0.22172043010752687 0.46522760646108663 0.07375366568914957 0.14016152716593247
1 0.8588856304985337 0.56 0.08975562072336266 0.13750367107195302
47 0.22086021505376344 0.5680469897209985 0.06120234604105572 0.09693098384728341
47 0.5173998044965786 0.5406020558002936 0.08682306940371456 0.15894273127753303
47 0.7759726295210166 0.483230543318649 0.09062561094819159 0.17675477239353893