14 0.1500777604976672 0.32916666666666666 0.12752721617418353 0.2
14 0.4284603421461897 0.28055555555555556 0.19284603421461896 0.35833333333333334
14 0.31531881804043543 0.47430555555555554 0.21384136858475894 0.26805555555555555
14 0.11975116640746501 0.5868055555555556 0.15707620528771385 0.16527777777777777
14 0.19790046656298602 0.6638888888888889 0.14541213063763608 0.19722222222222222
14 0.2853810264385692 0.7354166666666667 0.08398133748055987 0.1486111111111111
14 0.3678071539657854 0.7291666666666666 0.07153965785381027 0.125
14 0.2375583203732504 0.85625 0.07231726283048212 0.12361111111111112
14 0.3557542768273717 0.7930555555555555 0.11741835147744946 0.09722222222222222
14 0.5555987558320373 0.7298611111111111 0.23250388802488337 0.2847222222222222
14 0.7313374805598756 0.7541666666666667 0.12830482115085537 0.23055555555555557
14 0.43973561430793157 0.5930555555555556 0.1827371695178849 0.35
14 0.6450233281493002 0.5652777777777778 0.1656298600311042 0.3138888888888889
14 0.6131415241057543 0.3138888888888889 0.23872472783825816 0.2611111111111111
14 0.6228615863141524 0.3590277777777778 0.1181959564541213 0.2902777777777778
14 0.8153188180404355 0.49583333333333335 0.2931570762052877 0.3194444444444444
14 0.812597200622084 0.3090277777777778 0.19284603421461896 0.2513888888888889
14 0.8211508553654744 0.6277777777777778 0.223950233281493 0.35555555555555557