5 0.4794232649071359 0.2963274336283186 0.1786217008797654 0.26548672566371684
5 0.26392961876832843 0.5115339233038348 0.17239491691104597 0.24805309734513276
5 0.43543499511241446 0.5510914454277286 0.18128054740957966 0.31911504424778764
5 0.4994232649071359 0.6858407079646017 0.11552297165200391 0.1729646017699115
5 0.6380547409579668 0.5732153392330384 0.13329423264907136 0.2587758112094395
8 0.8366666666666667 0.5095132743362831 0.30835777126099706 0.56047197640118
5 0.2848093841642229 0.3016961651917404 0.16617790811339198 0.2091740412979351
5 0.6051710654936462 0.17364306784660768 0.13329423264907136 0.24536873156342184
5 0.48165200391006846 0.09184365781710915 0.15107526881720432 0.17833333333333332
1 0.45498533724340173 0.8667256637168141 0.5065298142717497 0.2665634218289085
1 0.17506353861192572 0.21520648967551623 0.19194525904203324 0.3204572271386431
1 0.7104789833822093 0.08380530973451328 0.16617790811339198 0.16761061946902656
51 0.48165200391006846 0.4143215339233039 0.0995307917888563 0.15286135693215339
51 0.44299120234604106 0.8078613569321534 0.07375366568914957 0.1702802359882006
48 0.7042521994134898 0.8547935103244837 0.26570869990224827 0.24805309734513276
48 0.15640273704789834 0.7736725663716814 0.15107526881720432 0.38079646017699115
48 0.07198435972629522 0.4183480825958702 0.14395894428152495 0.2306194690265487
51 0.24260019550342132 0.6938790560471976 0.09775171065493646 0.12202064896755163
9 0.13863147605083087 0.16224188790560473 0.09419354838709677 0.11530973451327435