1 0.607685546875 0.46725874125874123 0.268994140625 0.13604195804195804
1 0.702236328125 0.4062237762237762 0.246806640625 0.25047552447552446
1 0.547314453125 0.3388391608391609 0.12517578125 0.19707692307692307
1 0.18865234375 0.7012027972027972 0.132275390625 0.3471048951048951
23 0.594814453125 0.6598881118881119 0.106533203125 0.11697902097902098
29 0.49671875 0.8207272727272727 0.197978515625 0.32422377622377624
29 0.327587890625 0.1939020979020979 0.259228515625 0.1741958041958042
1 0.454990234375 0.33756643356643357 0.059482421875 0.1284195804195804
1 0.27654296875 0.4717062937062937 0.100322265625 0.19834965034965035
29 0.762607421875 0.3210489510489511 0.102978515625 0.15893706293706295
29 0.864697265625 0.6414545454545454 0.145595703125 0.24538461538461537
29 0.851826171875 0.4577202797202797 0.1233984375 0.13986013986013987
29 0.688916015625 0.8474265734265733 0.143818359375 0.20469930069930073
38 0.09455078125 0.48696503496503496 0.082568359375 0.11697902097902098
29 0.2574609375 0.7978321678321679 0.111865234375 0.17927272727272728
29 0.614345703125 0.22377622377622378 0.1526953125 0.12714685314685314
51 0.3284765625 0.5181118881118881 0.085224609375 0.13604195804195804