0 0.103759765625 0.43576725025746654 0.1416015625 0.1428939237899073
0 0.13611328125 0.5863851699279093 0.150146484375 0.1428939237899073
0 0.028076171875 0.5966838311019568 0.05615234375 0.13774459320288363
0 0.029912109375 0.7466529351184346 0.059814453125 0.14160659114315138
0 0.10986328125 0.7093202883625128 0.1416015625 0.13388259526261587
0 0.266728515625 0.6327291452111226 0.142822265625 0.13259526261585994
0 0.457158203125 0.6526776519052523 0.177001953125 0.09526261585993821
0 0.445556640625 0.7775489186405767 0.18798828125 0.1776519052523172
0 0.60546875 0.8676622039134912 0.15380859375 0.13903192584963955
0 0.1416015625 0.8966323377960865 0.17822265625 0.17636457260556127
0 0.267333984375 0.9525025746652935 0.13916015625 0.09500514933058703
0 0.27587890625 0.7678990731204943 0.14892578125 0.14546858908341914