13 0.204189453125 0.10980966325036604 0.2112890625 0.21961932650073207
13 0.44123046875 0.06787701317715959 0.202412109375 0.13576866764275256
13 0.0328515625 0.1843484626647145 0.065693359375 0.214289897510981
47 0.0745703125 0.9339092240117131 0.142041015625 0.13216691068814054
47 0.215283203125 0.8833382137628112 0.157138671875 0.23332357247437777
47 0.320048828125 0.8718155197657395 0.1233984375 0.2502342606149341
47 0.419482421875 0.8505270863836017 0.10919921875 0.1783601756954612
47 0.468310546875 0.7620058565153734 0.16779296875 0.22759882869692533
47 0.561962890625 0.7440409956076135 0.1598046875 0.22628111273792095
47 0.64763671875 0.6861493411420205 0.135830078125 0.17702781844802343
47 0.7288671875 0.6269106881405564 0.149150390625 0.18900439238653002
47 0.810986328125 0.5823279648609078 0.1429296875 0.21163982430453882
47 0.891337890625 0.5457247437774524 0.127841796875 0.16505124450951683
47 0.95099609375 0.48982430453879944 0.0980078125 0.18102489019033674
47 0.520244140625 0.9379062957540264 0.1402734375 0.12418740849194729
47 0.666279296875 0.915285505124451 0.157138671875 0.16944363103953147
47 0.78125 0.8718155197657395 0.147373046875 0.25556368960468523
47 0.8922265625 0.8405417276720352 0.1012109375 0.2568814055636896
47 0.9554296875 0.7074377745241581 0.089130859375 0.20364568081991216
47 0.940341796875 0.9585358711566617 0.11931640625 0.08292825768667643