29 0.1865 0.61 0.373 0.428
17 0.452 0.82 0.328 0.264
5 0.102 0.8626666666666667 0.204 0.19733333333333333
8 0.514 0.13733333333333334 0.506 0.27466666666666667
29 0.726 0.6706666666666666 0.226 0.15733333333333333
29 0.8765 0.48933333333333334 0.083 0.168
29 0.331 0.3333333333333333 0.112 0.13866666666666666
29 0.637 0.2 0.206 0.11733333333333333
51 0.441 0.5226666666666666 0.14 0.20533333333333334
51 0.127 0.18266666666666667 0.254 0.36533333333333334
23 0.8765 0.3586666666666667 0.175 0.25066666666666665
1 0.6835 0.44 0.323 0.4186666666666667